diary on
a = 5

a =

     5

x = [4, 5, 6]

x =

     4     5     6

y = [1; 2; 3]

y =

     1
     2
     3

A = [9, 8, 7;6, 5, 4;3, 2, 1]

A =

     9     8     7
     6     5     4
     3     2     1

B = [1, 2, 3; 4, 5, 6;7, 8, 9]

B =

     1     2     3
     4     5     6
     7     8     9

x(2) = 7

x =

     4     7     6

A(3, 2) = 0

A =

     9     8     7
     6     5     4
     3     0     1

6 + 4

ans =

    10

5*3

ans =

    15

2 -11

ans =

    -9

9 / 2

ans =

    4.5000

sqrt(6)

ans =

    2.4495

log(4)

ans =

    1.3863

log10(1000)

ans =

     3

abs(-8)

ans =

     8

sin(16*pi/3)

ans =

   -0.8660

floor(4.2)

ans =

     4

zeros(13, 6)

ans =

     0     0     0     0     0     0
     0     0     0     0     0     0
     0     0     0     0     0     0
     0     0     0     0     0     0
     0     0     0     0     0     0
     0     0     0     0     0     0
     0     0     0     0     0     0
     0     0     0     0     0     0
     0     0     0     0     0     0
     0     0     0     0     0     0
     0     0     0     0     0     0
     0     0     0     0     0     0
     0     0     0     0     0     0

ones(13, 6)

ans =

     1     1     1     1     1     1
     1     1     1     1     1     1
     1     1     1     1     1     1
     1     1     1     1     1     1
     1     1     1     1     1     1
     1     1     1     1     1     1
     1     1     1     1     1     1
     1     1     1     1     1     1
     1     1     1     1     1     1
     1     1     1     1     1     1
     1     1     1     1     1     1
     1     1     1     1     1     1
     1     1     1     1     1     1

eye(7)

ans =

     1     0     0     0     0     0     0
     0     1     0     0     0     0     0
     0     0     1     0     0     0     0
     0     0     0     1     0     0     0
     0     0     0     0     1     0     0
     0     0     0     0     0     1     0
     0     0     0     0     0     0     1

eye(13, 6)

ans =

     1     0     0     0     0     0
     0     1     0     0     0     0
     0     0     1     0     0     0
     0     0     0     1     0     0
     0     0     0     0     1     0
     0     0     0     0     0     1
     0     0     0     0     0     0
     0     0     0     0     0     0
     0     0     0     0     0     0
     0     0     0     0     0     0
     0     0     0     0     0     0
     0     0     0     0     0     0
     0     0     0     0     0     0

linspace(2.4, 3.8, 1004)

ans =

  Columns 1 through 13

    2.4000    2.4014    2.4028    2.4042    2.4056    2.4070    2.4084    2.4098    2.4112    2.4126    2.4140    2.4154    2.4167

  Columns 14 through 26

    2.4181    2.4195    2.4209    2.4223    2.4237    2.4251    2.4265    2.4279    2.4293    2.4307    2.4321    2.4335    2.4349

  Columns 27 through 39

    2.4363    2.4377    2.4391    2.4405    2.4419    2.4433    2.4447    2.4461    2.4475    2.4489    2.4502    2.4516    2.4530

  Columns 40 through 52

    2.4544    2.4558    2.4572    2.4586    2.4600    2.4614    2.4628    2.4642    2.4656    2.4670    2.4684    2.4698    2.4712

  Columns 53 through 65

    2.4726    2.4740    2.4754    2.4768    2.4782    2.4796    2.4810    2.4824    2.4837    2.4851    2.4865    2.4879    2.4893

  Columns 66 through 78

    2.4907    2.4921    2.4935    2.4949    2.4963    2.4977    2.4991    2.5005    2.5019    2.5033    2.5047    2.5061    2.5075

  Columns 79 through 91

    2.5089    2.5103    2.5117    2.5131    2.5145    2.5159    2.5172    2.5186    2.5200    2.5214    2.5228    2.5242    2.5256

  Columns 92 through 104

    2.5270    2.5284    2.5298    2.5312    2.5326    2.5340    2.5354    2.5368    2.5382    2.5396    2.5410    2.5424    2.5438

  Columns 105 through 117

    2.5452    2.5466    2.5480    2.5494    2.5507    2.5521    2.5535    2.5549    2.5563    2.5577    2.5591    2.5605    2.5619

  Columns 118 through 130

    2.5633    2.5647    2.5661    2.5675    2.5689    2.5703    2.5717    2.5731    2.5745    2.5759    2.5773    2.5787    2.5801

  Columns 131 through 143

    2.5815    2.5829    2.5842    2.5856    2.5870    2.5884    2.5898    2.5912    2.5926    2.5940    2.5954    2.5968    2.5982

  Columns 144 through 156

    2.5996    2.6010    2.6024    2.6038    2.6052    2.6066    2.6080    2.6094    2.6108    2.6122    2.6136    2.6150    2.6164

  Columns 157 through 169

    2.6177    2.6191    2.6205    2.6219    2.6233    2.6247    2.6261    2.6275    2.6289    2.6303    2.6317    2.6331    2.6345

  Columns 170 through 182

    2.6359    2.6373    2.6387    2.6401    2.6415    2.6429    2.6443    2.6457    2.6471    2.6485    2.6499    2.6512    2.6526

  Columns 183 through 195

    2.6540    2.6554    2.6568    2.6582    2.6596    2.6610    2.6624    2.6638    2.6652    2.6666    2.6680    2.6694    2.6708

  Columns 196 through 208

    2.6722    2.6736    2.6750    2.6764    2.6778    2.6792    2.6806    2.6820    2.6833    2.6847    2.6861    2.6875    2.6889

  Columns 209 through 221

    2.6903    2.6917    2.6931    2.6945    2.6959    2.6973    2.6987    2.7001    2.7015    2.7029    2.7043    2.7057    2.7071

  Columns 222 through 234

    2.7085    2.7099    2.7113    2.7127    2.7141    2.7155    2.7168    2.7182    2.7196    2.7210    2.7224    2.7238    2.7252

  Columns 235 through 247

    2.7266    2.7280    2.7294    2.7308    2.7322    2.7336    2.7350    2.7364    2.7378    2.7392    2.7406    2.7420    2.7434

  Columns 248 through 260

    2.7448    2.7462    2.7476    2.7490    2.7503    2.7517    2.7531    2.7545    2.7559    2.7573    2.7587    2.7601    2.7615

  Columns 261 through 273

    2.7629    2.7643    2.7657    2.7671    2.7685    2.7699    2.7713    2.7727    2.7741    2.7755    2.7769    2.7783    2.7797

  Columns 274 through 286

    2.7811    2.7825    2.7838    2.7852    2.7866    2.7880    2.7894    2.7908    2.7922    2.7936    2.7950    2.7964    2.7978

  Columns 287 through 299

    2.7992    2.8006    2.8020    2.8034    2.8048    2.8062    2.8076    2.8090    2.8104    2.8118    2.8132    2.8146    2.8160

  Columns 300 through 312

    2.8173    2.8187    2.8201    2.8215    2.8229    2.8243    2.8257    2.8271    2.8285    2.8299    2.8313    2.8327    2.8341

  Columns 313 through 325

    2.8355    2.8369    2.8383    2.8397    2.8411    2.8425    2.8439    2.8453    2.8467    2.8481    2.8495    2.8508    2.8522

  Columns 326 through 338

    2.8536    2.8550    2.8564    2.8578    2.8592    2.8606    2.8620    2.8634    2.8648    2.8662    2.8676    2.8690    2.8704

  Columns 339 through 351

    2.8718    2.8732    2.8746    2.8760    2.8774    2.8788    2.8802    2.8816    2.8830    2.8843    2.8857    2.8871    2.8885

  Columns 352 through 364

    2.8899    2.8913    2.8927    2.8941    2.8955    2.8969    2.8983    2.8997    2.9011    2.9025    2.9039    2.9053    2.9067

  Columns 365 through 377

    2.9081    2.9095    2.9109    2.9123    2.9137    2.9151    2.9165    2.9178    2.9192    2.9206    2.9220    2.9234    2.9248

  Columns 378 through 390

    2.9262    2.9276    2.9290    2.9304    2.9318    2.9332    2.9346    2.9360    2.9374    2.9388    2.9402    2.9416    2.9430

  Columns 391 through 403

    2.9444    2.9458    2.9472    2.9486    2.9500    2.9513    2.9527    2.9541    2.9555    2.9569    2.9583    2.9597    2.9611

  Columns 404 through 416

    2.9625    2.9639    2.9653    2.9667    2.9681    2.9695    2.9709    2.9723    2.9737    2.9751    2.9765    2.9779    2.9793

  Columns 417 through 429

    2.9807    2.9821    2.9834    2.9848    2.9862    2.9876    2.9890    2.9904    2.9918    2.9932    2.9946    2.9960    2.9974

  Columns 430 through 442

    2.9988    3.0002    3.0016    3.0030    3.0044    3.0058    3.0072    3.0086    3.0100    3.0114    3.0128    3.0142    3.0156

